%YAML:1.0
---
K: !!opencv-matrix
   rows: 3
   cols: 3
   dt: d
   data: [ 6.0896380615234375e+02, 0., 3.1572187197184394e+02, 0.,
       6.3340136718750000e+02, 3.0347257385644480e+02, 0., 0., 1. ]
D: !!opencv-matrix
   rows: 5
   cols: 1
   dt: d
   data: [ -3.7473754497334449e-01, 1.6145921059273685e-01,
       -6.2107209729201319e-03, 6.0174323263232268e-03,
       2.2726932467027827e-01 ]
