%YAML:1.0
---
K: !!opencv-matrix
   rows: 3
   cols: 3
   dt: d
   data: [ 6.6707808027218516e+02, 0., 3.1333544995565757e+02, 0.,
       6.7169597792965010e+02, 3.0029958811324400e+02, 0., 0., 1. ]
D: !!opencv-matrix
   rows: 5
   cols: 1
   dt: d
   data: [ -3.7473754497334449e-01, 1.6145921059273685e-01,
       -6.2107209729201319e-03, 6.0174323263232268e-03,
       2.2726932467027827e-01 ]
MRE: 3.1005485875132938e-01
MINRE: 1.4182109712882449e-01
MAXRE: 8.2252425581678745e-01
